-0.0000 0.0000 0.0000 nan nan nan
5.0000 0.0000 0.0000 -0.0000 0.0000 0.0000 
0.0000 -4.1667 0.0000 -0.0000 0.0000 0.0000 
0.0000 -12.5000 0.0000 0.0000 -4.1667 0.0000
0.0000 -20.8333 0.0000 0.0000 -12.5000 0.0000
0.0000 -125.5000 0.0000 0.0000 -75.0000 0.0000 
0.0000 -226.5000 0.0000 0.0000 -176.0000 0.0000 
0.0000 -327.5000 0.0000 0.0000 -277.0000 0.0000 
0.0000 -428.5000 0.0000 0.0000 -378.0000 0.0000 
0.0000 -529.5000 0.0000 0.0000 -479.0000 0.0000 
15.9432 -3.9621 0.0000 5.0000 0.0000 0.0000 
27.8296 -11.8864 0.0000 15.9432 -3.9621 0.0000
39.7160 -19.8107 0.0000 27.8296 -11.8864 0.0000
51.6024 -27.7350 0.0000 39.7160 -19.8107 0.0000
63.4888 -35.6592 0.0000 51.6024 -27.7350 0.0000
75.3752 -43.5835 0.0000 63.4888 -35.6592 0.0000
87.2617 -51.5078 0.0000 75.3752 -43.5835 0.0000
-5.9432 -3.9621 0.0000 -0.0000 0.0000 0.0000 
-17.8296 -11.8864 0.0000 -5.9432 -3.9621 0.0000
-29.7161 -19.8107 0.0000 -17.8296 -11.8864 0.0000
-41.6025 -27.7350 0.0000 -29.7161 -19.8107 0.0000
-53.4889 -35.6593 0.0000 -41.6025 -27.7350 0.0000
-65.3754 -43.5836 0.0000 -53.4889 -35.6593 0.0000
-77.2618 -51.5079 0.0000 -65.3754 -43.5836 0.0000
99.8715 -55.4700 0.0000 87.2617 -51.5078 0.0000 
113.2049 -55.4700 0.0000 99.8715 -55.4700 0.0000
126.5382 -55.4700 0.0000 113.2049 -55.4700 0.0000
139.8715 -55.4700 0.0000 126.5382 -55.4700 0.0000
153.2049 -55.4700 0.0000 139.8715 -55.4700 0.0000
166.5382 -55.4700 0.0000 153.2049 -55.4700 0.0000
179.8715 -55.4700 0.0000 166.5382 -55.4700 0.0000
193.2048 -55.4700 0.0000 179.8715 -55.4700 0.0000
206.5382 -55.4700 0.0000 193.2048 -55.4700 0.0000
219.8715 -55.4700 0.0000 206.5382 -55.4700 0.0000
233.2048 -55.4700 0.0000 219.8715 -55.4700 0.0000
246.5382 -55.4700 0.0000 233.2048 -55.4700 0.0000
259.8715 -55.4700 0.0000 246.5382 -55.4700 0.0000
273.2048 -55.4700 0.0000 259.8715 -55.4700 0.0000
286.5382 -55.4700 0.0000 273.2048 -55.4700 0.0000
98.7519 -59.1679 0.0000 87.2617 -51.5078 0.0000 
109.8459 -66.5639 0.0000 98.7519 -59.1679 0.0000
120.9399 -73.9599 0.0000 109.8459 -66.5639 0.0000
132.0339 -81.3559 0.0000 120.9399 -73.9599 0.0000
143.1279 -88.7519 0.0000 132.0339 -81.3559 0.0000
154.2219 -96.1479 0.0000 143.1279 -88.7519 0.0000
165.3159 -103.5439 0.0000 154.2219 -96.1479 0.0000
176.4099 -110.9399 0.0000 165.3159 -103.5439 0.0000
187.5039 -118.3359 0.0000 176.4099 -110.9399 0.0000
198.5979 -125.7319 0.0000 187.5039 -118.3359 0.0000
209.6919 -133.1279 0.0000 198.5979 -125.7319 0.0000
220.7859 -140.5239 0.0000 209.6919 -133.1279 0.0000
231.8799 -147.9199 0.0000 220.7859 -140.5239 0.0000
242.9739 -155.3159 0.0000 231.8799 -147.9199 0.0000
254.0680 -162.7119 0.0000 242.9739 -155.3159 0.0000
-89.8717 -55.4700 0.0000 -77.2618 -51.5079 0.0000 
-103.2050 -55.4700 0.0000 -89.8717 -55.4700 0.0000
-116.5384 -55.4700 0.0000 -103.2050 -55.4700 0.0000
-129.8717 -55.4700 0.0000 -116.5384 -55.4700 0.0000
-143.2050 -55.4700 0.0000 -129.8717 -55.4700 0.0000
-156.5384 -55.4700 0.0000 -143.2050 -55.4700 0.0000
-169.8717 -55.4700 0.0000 -156.5384 -55.4700 0.0000
-183.2050 -55.4700 0.0000 -169.8717 -55.4700 0.0000
-196.5384 -55.4700 0.0000 -183.2050 -55.4700 0.0000
-209.8717 -55.4700 0.0000 -196.5384 -55.4700 0.0000
-223.2050 -55.4700 0.0000 -209.8717 -55.4700 0.0000
-236.5384 -55.4700 0.0000 -223.2050 -55.4700 0.0000
-249.8717 -55.4700 0.0000 -236.5384 -55.4700 0.0000
-263.2050 -55.4700 0.0000 -249.8717 -55.4700 0.0000
-276.5384 -55.4700 0.0000 -263.2050 -55.4700 0.0000
-87.9191 -60.1841 0.0000 -77.2618 -51.5079 0.0000 
-97.3472 -69.6122 0.0000 -87.9191 -60.1841 0.0000
-106.7753 -79.0402 0.0000 -97.3472 -69.6122 0.0000
-116.2033 -88.4683 0.0000 -106.7753 -79.0402 0.0000
-125.6314 -97.8964 0.0000 -116.2033 -88.4683 0.0000
-135.0595 -107.3245 0.0000 -125.6314 -97.8964 0.0000
-144.4876 -116.7526 0.0000 -135.0595 -107.3245 0.0000
-153.9157 -126.1807 0.0000 -144.4876 -116.7526 0.0000
-163.3438 -135.6088 0.0000 -153.9157 -126.1807 0.0000
-172.7719 -145.0369 0.0000 -163.3438 -135.6088 0.0000
-182.2000 -154.4650 0.0000 -172.7719 -145.0369 0.0000
-191.6281 -163.8931 0.0000 -182.2000 -154.4650 0.0000
-201.0562 -173.3212 0.0000 -191.6281 -163.8931 0.0000
-210.4843 -182.7492 0.0000 -201.0562 -173.3212 0.0000
-219.9123 -192.1773 0.0000 -210.4843 -182.7492 0.0000
10.0000 8.3333 0.0000 5.0000 0.0000 0.0000 
10.0000 25.0000 0.0000 10.0000 8.3333 0.0000
10.0000 41.6667 0.0000 10.0000 25.0000 0.0000
10.0000 58.3333 0.0000 10.0000 41.6667 0.0000 
10.0000 75.0000 0.0000 10.0000 58.3333 0.0000
10.0000 91.6667 0.0000 10.0000 75.0000 0.0000
10.0000 108.3333 0.0000 10.0000 91.6667 0.0000 
10.0000 125.0000 0.0000 10.0000 108.3333 0.0000
10.0000 141.6667 0.0000 10.0000 125.0000 0.0000
10.0000 158.3333 0.0000 10.0000 141.6667 0.0000 
10.0000 175.0000 0.0000 10.0000 158.3333 0.0000
10.0000 191.6667 0.0000 10.0000 175.0000 0.0000
10.0000 207.1429 0.0000 10.0000 191.6667 0.0000 
10.0000 221.4286 0.0000 10.0000 207.1429 0.0000
10.0000 235.7143 0.0000 10.0000 221.4286 0.0000
10.0000 250.0000 0.0000 10.0000 235.7143 0.0000
10.0000 264.2857 0.0000 10.0000 250.0000 0.0000
10.0000 278.5714 0.0000 10.0000 264.2857 0.0000
10.0000 292.8571 0.0000 10.0000 278.5714 0.0000
10.0000 307.1429 0.0000 10.0000 292.8571 0.0000 
10.0000 321.4286 0.0000 10.0000 307.1429 0.0000
10.0000 335.7143 0.0000 10.0000 321.4286 0.0000
10.0000 350.0000 0.0000 10.0000 335.7143 0.0000
10.0000 364.2857 0.0000 10.0000 350.0000 0.0000
10.0000 378.5714 0.0000 10.0000 364.2857 0.0000
10.0000 392.8571 0.0000 10.0000 378.5714 0.0000
3.6112 403.1944 0.0000 10.0000 392.8571 0.0000 
-9.1663 409.5832 0.0000 3.6112 403.1944 0.0000
-21.9438 415.9719 0.0000 -9.1663 409.5832 0.0000
-34.7214 422.3607 0.0000 -21.9438 415.9719 0.0000
-47.4989 428.7495 0.0000 -34.7214 422.3607 0.0000
-60.2764 435.1382 0.0000 -47.4989 428.7495 0.0000
-73.0539 441.5270 0.0000 -60.2764 435.1382 0.0000
16.3888 403.1944 0.0000 10.0000 392.8571 0.0000 
29.1663 409.5832 0.0000 16.3888 403.1944 0.0000
41.9438 415.9719 0.0000 29.1663 409.5832 0.0000
54.7214 422.3607 0.0000 41.9438 415.9719 0.0000
67.4989 428.7495 0.0000 54.7214 422.3607 0.0000
80.2764 435.1382 0.0000 67.4989 428.7495 0.0000
93.0539 441.5270 0.0000 80.2764 435.1382 0.0000
-85.7676 447.8838 0.0000 -73.0539 441.5270 0.0000 
-98.4173 454.2087 0.0000 -85.7676 447.8838 0.0000
-111.0671 460.5336 0.0000 -98.4173 454.2087 0.0000
-123.7169 466.8585 0.0000 -111.0671 460.5336 0.0000
-136.3666 473.1833 0.0000 -123.7169 466.8585 0.0000
-149.0164 479.5082 0.0000 -136.3666 473.1833 0.0000
-161.6661 485.8331 0.0000 -149.0164 479.5082 0.0000
105.7676 447.8838 0.0000 93.0539 441.5270 0.0000 
118.4173 454.2087 0.0000 105.7676 447.8838 0.0000
131.0671 460.5336 0.0000 118.4173 454.2087 0.0000
143.7169 466.8585 0.0000 131.0671 460.5336 0.0000
156.3666 473.1833 0.0000 143.7169 466.8585 0.0000
169.0164 479.5082 0.0000 156.3666 473.1833 0.0000
181.6661 485.8331 0.0000 169.0164 479.5082 0.0000
-172.4012 491.5522 0.0000 -161.6661 485.8331 0.0000 
-181.1476 496.8000 0.0000 -172.4012 491.5522 0.0000
-189.8940 502.0479 0.0000 -181.1476 496.8000 0.0000
-198.6404 507.2957 0.0000 -189.8940 502.0479 0.0000
-207.3869 512.5436 0.0000 -198.6404 507.2957 0.0000
192.5526 491.2763 0.0000 181.6661 485.8331 0.0000 
201.6758 495.8379 0.0000 192.5526 491.2763 0.0000
210.7989 500.3994 0.0000 201.6758 495.8379 0.0000
219.9221 504.9610 0.0000 210.7989 500.3994 0.0000
229.0452 509.5226 0.0000 219.9221 504.9610 0.0000
15.1602 52.5801 0.0000 10.0000 41.6667 0.0000 
25.4805 57.7402 0.0000 15.1602 52.5801 0.0000
35.8008 62.9004 0.0000 25.4805 57.7402 0.0000
46.1211 68.0605 0.0000 35.8008 62.9004 0.0000
56.4414 73.2207 0.0000 46.1211 68.0605 0.0000
66.7617 78.3808 0.0000 56.4414 73.2207 0.0000
77.0820 83.5410 0.0000 66.7617 78.3808 0.0000
87.4024 88.7012 0.0000 77.0820 83.5410 0.0000
97.7227 93.8613 0.0000 87.4024 88.7012 0.0000
108.0430 99.0215 0.0000 97.7227 93.8613 0.0000
118.3633 104.1816 0.0000 108.0430 99.0215 0.0000
128.6836 109.3418 0.0000 118.3633 104.1816 0.0000
139.0039 114.5019 0.0000 128.6836 109.3418 0.0000
4.8398 152.5801 0.0000 10.0000 141.6667 0.0000 
-5.4805 157.7402 0.0000 4.8398 152.5801 0.0000
-15.8008 162.9004 0.0000 -5.4805 157.7402 0.0000
-26.1211 168.0605 0.0000 -15.8008 162.9004 0.0000
-36.4414 173.2207 0.0000 -26.1211 168.0605 0.0000
-46.7617 178.3808 0.0000 -36.4414 173.2207 0.0000
-57.0821 183.5410 0.0000 -46.7617 178.3808 0.0000
-67.4024 188.7012 0.0000 -57.0821 183.5410 0.0000
-77.7227 193.8613 0.0000 -67.4024 188.7012 0.0000
-88.0430 199.0215 0.0000 -77.7227 193.8613 0.0000
-98.3633 204.1816 0.0000 -88.0430 199.0215 0.0000
-108.6836 209.3418 0.0000 -98.3633 204.1816 0.0000
-119.0039 214.5019 0.0000 -108.6836 209.3418 0.0000
15.1602 302.5801 0.0000 10.0000 292.8571 0.0000 
25.4805 307.7402 0.0000 15.1602 302.5801 0.0000
35.8008 312.9004 0.0000 25.4805 307.7402 0.0000
46.1211 318.0605 0.0000 35.8008 312.9004 0.0000
56.4414 323.2207 0.0000 46.1211 318.0605 0.0000
66.7617 328.3808 0.0000 56.4414 323.2207 0.0000
77.0821 333.5410 0.0000 66.7617 328.3808 0.0000
87.4024 338.7012 0.0000 77.0821 333.5410 0.0000
97.7227 343.8613 0.0000 87.4024 338.7012 0.0000
108.0430 349.0214 0.0000 97.7227 343.8613 0.0000
118.3633 354.1816 0.0000 108.0430 349.0214 0.0000
128.6836 359.3418 0.0000 118.3633 354.1816 0.0000
139.0039 364.5019 0.0000 128.6836 359.3418 0.0000
0.0000 -633.5000 0.0000 0.0000 -580.0000 0.0000 
0.0000 -75.0000 0.0000 0.0000 -20.8333 0.0000 
0.0000 -176.0000 0.0000 0.0000 -125.5000 0.0000 
0.0000 -277.0000 0.0000 0.0000 -226.5000 0.0000 
0.0000 -378.0000 0.0000 0.0000 -327.5000 0.0000 
0.0000 -479.0000 0.0000 0.0000 -428.5000 0.0000 
0.0000 -580.0000 0.0000 0.0000 -529.5000 0.0000 
