176.9998
142.999766301964
292.999999986785
169.999999885709
236.9998
161.9998
255.999999986785
246.9998
267.999999885709
216.999999885709
166.9998
156.9998
132.999999986785
173.999999885709
118.999766301964
182.999766301964
191.999999885709
253.999999986785
104
108
205
185
141
75
188
177
95
125
74
191
102
93
186
226
227
172
235
184
188
170
293
232
216
253
241
254
248
171
332
317
352
451
345
366
331
416
396
402
350
400
433
376
372
300
376
384
303
219
345
346
578
610.999999874206
557
474
549
455
483
554
537
439
657
579
556
596
527
607
623
619.999999874206
462
537
546
446
628.999999874206
646
582
549
518
516
577
569
447
564
419
508
594
497
456
584
523
593
569
606
561
415
468
479
643
412
589
612.999999874206
659
599
436
526
651.999999874206
519
453
587
